3732466.9178111437
3573742.7182349274
4339509.215722198
3307429.812851924
1352360.0714873162
3149972.4789604447
1220191.706545034
1940318.0128422303
4906104.880232571
1106496.5879017347
3271525.9549084753
4242373.923338093
4933331.097425176
3278384.5242859162
2413953.3061345294
4822496.831642621
4109563.7041049413
3438475.620990274
2550456.238551119
1114820.3436221995
2306323.849331934
4737061.803044121
4873002.932648608
4419363.893376269
2899738.1203169883
4451265.5610799175
1494841.4068992485
3546270.9672508417
172474.1803598174
423547.5938105423
3381586.9425004763
3775300.285292307
2479192.404036332
3737102.9267031397
4679993.704275502
1353129.220364485
1643374.7027715156
2345861.0161517016
1616868.4260266628
473355.40558226913
1761511.870551574
4726647.572556064
4620454.160646284
1662500.014749147
451616.8594011466
3871031.070364967
3728403.0182294124
848421.7209787779
3354171.0132672377
2225283.4452543324
1608063.6453685504
2391739.7453749673
1622452.6329833867
209146.1519458245
4658602.660156557
856591.0386059441
1748299.8612146622
1796833.4879544321
1638066.758564384
872196.363399034
4450457.527268202
2892730.177408338
4705689.962532745
122528.76268618698
3230106.780172247
4152520.0959825506
4161854.240391945
4292967.004684616
3095284.987124639
287003.2292099923
1585337.0972074498
3975526.0750926915
2063143.2289311052
3417050.7583824736
1046158.6246727364
765099.3636558015
164918.74125652967
2243065.021911903
4003161.436704225
1440478.016141439
4690695.743905518
1306761.3490803894
860732.6194610157
1822671.9325536469
4654469.7614593655
1508398.2238640822
3093871.052862934
3634505.3979909485
2609640.703111505
679524.4970268492
2162661.4072475117
3880141.9701201734
4551285.796053044
4415135.3374383785
1140267.9781200362
1656059.879107706
1846220.423459011
1827661.5766385398
4475677.395627675
2957320.3375553023
3028411.8092317474
1906442.2701893917
1686981.1450202852
4026829.3362998706
4719464.107111224
4918546.711117595
3960615.5534063764
1931379.3531503032
1085994.7921089926
4800191.345560347
917488.3661537184
1756101.3483191563
720455.2063821093
1309286.5086619214
3211693.1916934857
3917087.047164373
2157526.5231510205
140988.6102277845
1282335.1234976978
3636426.2711660834
486090.9219452977
1475862.6793571706
2792954.207537904
4665876.179106079
3366246.8925012243
2908362.1273538345
2504200.3196848487
1667066.5275776465
3667249.4437540276
627855.1267329103
2756087.465438975
3238811.0824509086
4454675.167771495
812785.8301716839
508127.4846861239
1054307.266274713
1202438.8429670383
1212225.4146306582
819691.7912636509
3881060.6634602626
4026386.393041835
1439561.9039464095
117378.2946344347
1298156.694855895
1296834.107225485
4841661.608238432
4924447.461330723
4846257.449686822
4663479.174005551
3699626.1513915244
2151065.9219571366
124562.77392636788
1289854.4934612745
1228116.778786811
4872147.409889129
4193207.6339435196
904158.2562180681
2256546.664820412
4592267.869462932
1096088.3039455381
3177521.506563676
4551183.23048855
2620415.3685713354
1363087.4016700312
1125034.17511429
3534710.952019165
1056079.738539849
175343.53635039995
2482370.2754599503
1705442.793080867
4728456.897817908
4037698.2357067442
3870747.6232286044
1629333.8941731849
1898499.0960295987
949543.7288511647
210304.68270550694
792481.0838137469
4677728.054290931
280944.20541356923
3795572.1887033167
1281652.0820273145
1215850.4870868737
3586248.009289779
4287809.275279446
1798833.5700338215
3242373.993171473
914735.7031760988
2167868.091420931
2093371.67270802
4709813.85279052
2457432.7973538805
561707.8751159653
1569778.5482995934
2948290.454203519
2209082.5626887167
2835860.985298784
822796.6968395961
2376628.424688915
2850899.642828862
2659977.9576093587
860387.4509032941
3945256.698446229
261175.47401333455
3152821.152071408
2857102.24706939
3818970.366123271
2971642.975540292
2311855.280817869
4610727.90819844
945080.8391279078
3689050.8714617873
269324.439569099
2394907.1884763297
107152.1111124832
3561288.949775301
2617049.6525560385
268399.313750774
3546163.1914757066
3810392.8656208594
1541170.175468827
174464.71767549036
3675641.976185774
2484812.9748639255
3170870.5215615323
3170149.0368506196
1271139.4944740462
1308999.1687070136
2061942.2046885167
4775652.352138528
869950.4551876446
1164678.234274578
2827567.5098364395
3680787.2547742175
332855.70012925146
3279491.878795858
2591481.21454425
448255.05415444425
4797801.919771087
4445848.487013014
3822470.275140122
740554.4261863376
3939650.8778055506
2450493.3142431593
697248.2884294713
1833316.1284177566
3093434.7377610183
1291052.5949974144
791809.8192501707
4283805.121324086
622269.9971381282
2616906.4601408313
3550037.1869328516
3966029.2795664477
3235099.779216181
168842.78233056984
1132200.9353719053
4340038.122636134
1428359.6196639412
2894682.1096196175
4280227.757989623
2727066.6905383873
184722.14728467955
383528.57136824034
3213890.5790297184
1432317.784858057
3394047.9936121106
3874469.786804009
974500.0100229243
3909631.3115269146
4648601.639479227
1497910.6949350776
3649682.564726049
203646.27169060573
3420275.149299996
127487.50393327053
4767031.0039568
1265507.7905668246
1853642.5759541923
4605246.287311859
1421236.4437496932
3415438.788120137
925211.2125074064
3007807.533992528
2139477.383222945
4038588.703030902
1130419.5751901977
1748121.3671127595
1395581.1935827998
2855358.769104985
419534.157740882
3297130.1544135036
1074230.982393728
3524044.7341884403
4058102.902999808
3943867.6019143956
3376341.8031167155
4827291.741983795
1744859.1782221787
3444858.145412887
2736968.631486108
4684935.600229671
3663319.7969484315
3006164.6226304853
2539065.9874249115
494177.25478018174
668491.0026797135
2164873.6809270177
1449227.6807971539
1962488.6783921565
1446694.1573561567
3997089.5664721457
963909.7881978897
967413.63636743
236331.7861594551
3915331.273046855
4905595.535092912
4725783.426763812
218632.42366880924
1117840.9734600238
4536183.837916318
270504.9052637639
4825233.978514758
894316.0604781571
3419903.6536632786
4866169.483252377
179305.20785644522
721883.3447931476
4432208.221422595
2468484.369670418
3114474.040872468
3238854.3734573494
1715461.893493875
4196441.1582696065
463520.07213225344
4717382.770510251
704453.8327980093
3936629.533866875
4622450.99874293
4737573.437813737
3201076.672604226
4256958.847303503
2500235.3495322587
1279215.1666717147
3930005.018273437
2794673.535657201
3133642.9143069964
4314571.852916427
4650352.944498018
1848852.9570136024
4288062.148682168
3947539.2781064184
3990132.6778126806
2176185.7815871667
1606010.8645706906
468543.6007737856
1244446.0703199203
1096716.7095400211
4632899.409362319
433788.69745415624
4713948.045553964
172380.41497004413
1533481.3193772675
4756100.83477239
549284.3413518455
2829179.22895052
4830337.853576592
4627834.363021688
1475546.8625962983
4110406.169067024
4349676.659763164
918224.9015968009
3105780.6992292833
1220592.9097855329
4422045.201530666
1910907.3299189527
1124148.2527485983
1838691.9759894456
3071038.6398400795
4924384.275269072
3244827.4595121136
3115641.761835275
4204957.297507308
4005045.4363707025
4161777.92992088
950176.0684441552
2579233.3273149985
851051.4478996056
2415021.21906939
3957956.73886648
3886747.1009204765
3751881.500407021
1280084.7815942
2919034.0664935503
3813488.353258295
3948721.8374654246
3120380.9271345297
2636902.047386803
4212302.865163302
1667644.2427822214
120571.4746783905
4399336.1821134705
3924608.571030551
1771170.7838829577
1827676.5849828082
2730915.0953772687
3407667.977729805
2484505.074451878
3804246.1323593105
2896186.6311651394
3516459.7839992805
2346002.1818232164
1450500.2799262148
2608053.548185243
4534238.667883837
1892137.4204553207
2188594.2049150188
148489.2091968836
2755091.4400884467
3674120.095168082
926389.5183254384
4703268.929728986
4607112.131025507
3540391.2560434104
379879.97400994506
1694274.376126253
733837.653519773
2332925.3809389086
3648360.158127957
4520280.951053387
243815.90184114626
4813153.984954447
298166.66487508663
1208216.7773071122
305045.31483637425
2418408.06930972
1583502.707901296
4506900.624184187
4691151.775617094
3911071.234063082
2411508.146713045
3352793.503009391
1742682.1469777082
3301199.5621466893
2739605.475923953
1146682.4166153707
4437629.497547848
2539269.410076545
3555399.1020007683
1969868.3527575852
705808.5186551533
3213977.9703175607
1983590.5343117386
438898.6587156762
1774446.051840378
2391166.651738272
3961385.8415829344
2511886.844690854
4544405.517549005
582858.9787017416
1086357.3094567596
1143664.9225995527
566629.7349145432
1249224.0167745026
2736833.522215656
2585375.1252530194
2776879.861557617
1727024.6357684478
4338118.768268553
1991079.9441332587
3894678.2509657326
2504845.4106696467
3433533.69114453
255163.96677345425
4157091.3912911043
2821432.0916975494
1367321.1346515373
2748963.857426347
2231988.1044149343
3516096.576166624
2892215.4321911195
1316122.2445039612
2804918.9903081376
4736037.3864088105
1670380.9477685962
4665021.954731168
4732152.615149332
1022295.9659229548
1988448.2482886545
2000056.3754631027
3527999.4446813986
4928041.860462963
146917.86547022188
414241.5719902662
4099184.765505841
3788115.720691313
3503862.3222335572
4105374.3548666905
2726680.6701228702
4234589.570085119
4429780.7824603645
2685571.6582320533
3666159.889741738
1015473.8387908743
1155619.3497791456
707966.9534314706
2385914.6208555778
3779478.1049377536
3968256.1409220016
1786952.0208703352
274601.4991408163
2240572.7154870266
2882583.8199816104
3384421.3861752762
1581907.4488082044
4079750.124880498
617574.5941818873
4086964.0220453297
1011950.2306301332
4238092.8789670365
1594507.5652394476
2141024.1038810685
1636027.0823282073
2095743.1574710417
4211049.794970182
4120593.3019997557
2528660.1000091196
4282510.448153431
4094973.4122241247
938587.7140001118
913633.3968137474
679477.673155084
3093687.2481714226
432081.75516603317
554211.8706915074
3354132.5351013397
3455063.278236354
1493321.58031145
3251557.742355751
3784182.423848378
4889215.98403671
4540407.7229993455
4050986.5603361987
637875.7818452764
3735058.82963662
1038180.0700225191
1952790.3714024425
1478504.8021162478
2973852.53703904
657983.2195295098
4859670.015357045
3050407.8631770546
3324187.969502898
4116861.6018873453
198589.2242113
638883.9916744658
255578.3523313907
1738568.0709045643
1849665.0798681537
2148827.912610319
1353114.7484786448
1154233.8454873003
405015.66165125486
378206.13463434664
2081681.377405576
3513358.7743348167
3942813.7094962914
4135191.6278547887
910443.5823979798
198343.42436316656
3818904.1236040676
4194264.0907769464
1885124.926061404
1674731.2196905036
2464666.713461404
1277390.5730506463
4995654.035867004
2315908.8026195187
2426027.992628029
3013053.1665434455
2461320.011066712
720385.550186766
2042448.8345229381
4732359.033507947
2255127.2098849597
269835.9720260489
898590.4149077833
3901625.7579297577
4246024.732013061
112914.48809676948
1214481.4320664026
3773917.9919980327
1476822.0363683954
802822.7382910055
4028668.4641923695
2261228.5737150013
380475.53082864283
4917214.718185017
4240937.002483532
3647756.452409643
4206374.063522288
4121378.1495955028
1849295.556346154
198453.12493927486
690905.7941488492
854800.4637146465
3253067.393745156
4591475.393446019
3886002.7192742913
1707667.9417815064
3410712.9690714595
4541659.857184122
873817.1374882648
2886222.8851304622
1420510.6219466436
2317631.1777024153
1332819.961609536
641597.5358791184
1516282.8381417505
658129.275539913
1423673.018478685
1180899.8159141268
1332800.1440183173
1302427.56844318
2656862.535917136
4079535.013012573
3544596.349130771
3255394.426035736
1205760.666649913
3047423.480943298
3602301.117778815
3468116.6888557626
2493305.845645018
2686909.592747171
2770008.306244817
1673591.8712044863
1110076.0546351653
3842743.541237747
139437.84467025197
293424.53937256837
1535741.0532359711
1259961.8047401584
820665.7587956924
1888395.2683680132
3258177.0523416204
2430663.459877476
1996523.390401164
4337311.281547119
823012.6976090312
1648577.1171723923
1185251.3943473888
3229841.1941195293
2992779.0811322415
2566829.088319688
2518817.8161439146
1602027.0470570333
2644723.8067527316
2241648.6053587473
3954740.725904225
4693179.590350698
2825132.481280428
4405045.848929583
975313.078908953
2011030.0741264317
3365784.228421375
4263726.888450151
4672410.729274574
1446183.041283704
112428.22676679115
2857151.1500962316
1619026.9399501332
2200438.224250274
1576879.4788376722
3233798.2423263094
3824630.3940092553
4956478.0171226235
2763865.1947975885
3415877.8789625834
3840331.060245768
189391.36267224193
1114135.69237471
2809580.02192984
789513.1900631362
4039050.108014549
4444411.054666038
2486529.7609435315
4671369.221458282
840949.3413230141
2902180.7694929764
882862.5259862647
4202431.12402582
3127718.6179546462
3060627.12125315
1480118.2742012981
4578266.31431274
3847883.843547863
4461202.978352018
4391110.762030102
3680519.0046612546
1883574.9164650661
4559975.701916499
2816596.4438606966
3682438.5347437784
1211638.307894465
3028201.428130042
4168327.180637897
3433477.493173339
2300131.417733994
1948733.6350200442
2771910.186660464
1559457.4504089039
2432405.857820117
259518.71617870094
289964.6721395084
3650574.2749157385
4278049.933590548
4702159.736875471
2791289.622138942
3880306.6298444318
1391926.6645307008
922938.2570878976
2245616.874304944
4412323.225362336
4705206.119588531
2142601.60169846
1267552.2913908586
1992227.6042873864
2935417.2374416967
4755963.25738009
2549612.031711083
1309574.9358711857
1622205.744522177
1934265.1557360857
2299995.266697409
2423677.253715491
4613331.413359774
1344985.0451094212
4767390.939861674
3046530.1049690098
4280160.024401134
205912.2401615287
827437.3172045707
4122883.345889816
309244.4405377799
284018.56879138027
308418.9847725882
4095172.7550940705
280513.43139602395
1892820.1640061436
1793851.8496673517
417593.80217886093
3658726.674474017
1684497.821774994
4873541.641053205
3800097.0013641734
1255064.5187586218
4441252.502766404
1087403.2397653484
2297145.720852349
3562679.1271152846
2123956.181133108
2092963.6721856715
1965149.5436850868
4437105.860882317
185845.5817078912
212969.77941729
2506194.6357373456
4441579.814577141
4143633.8118605255
2863523.138763334
2267197.793090543
661972.2302903034
576623.8126518445
3663422.920855241
1434532.1148590508
4847369.023654974
2873537.1841091053
2631434.6337655773
1210523.0757078517
4254233.199829161
386192.78166827455
1338283.4113397305
676379.1750980804
4830299.999649002
4015747.207133202
2521369.8329722644
3252484.835199941
498341.08252816164
2102271.4266660856
3210990.573085193
3460108.4135388187
3952078.006032587
4234014.306202816
949242.5204837477
4125701.1664820476
801890.420074072
3839630.0959817264
4433682.224938893
527202.9137158334
4320906.680787498
2900873.121764937
2099115.778522499
2612158.5529881353
3455355.994043641
703401.6231442691
1406850.3279792687
3378616.151272496
3196213.054777358
1846577.210995648
4502550.759386286
4257016.134890309
1416997.914718113
2013663.4072478705
1030046.5100662961
2768935.9818968014
4293522.742729476
4322314.533915786
4514579.006804224
2860795.452587949
139222.18095882828
912697.5560144682
1197753.116285047
4690234.375176232
2440595.3251400576
3700190.7931632805
2853074.695215501
4944755.471795969
3341328.378548286
1162012.7518747663
3146250.4630138897
4113021.6211449294
3798601.2099539908
4435236.981017805
4522096.608796139
2828735.6906002536
1019812.0071885107
4285985.839785721
4823694.947833839
1421025.995135914
873265.6444851652
420307.8039087121
1541822.9814751067
2493641.954181306
1016235.680168506
4197304.623568825
438572.9064112052
4561552.697398762
4793937.589334384
1405706.252886324
3534741.4741304847
3711531.21626683
3560384.067039748
203925.74889456312
2150133.6012509144
3065810.7167207
4446400.944107527
740492.7518762988
4342469.023198999
3029148.063436832
684092.2876205995
4934517.745770032
3817759.6206539036
3472298.5147786704
2016686.7741523532
1336793.4030793994
3172425.652344949
337419.1998311697
1189597.566027632
1047670.8121098409
1181063.7614708028
2747685.032345742
3777937.1342392536
3849027.535470186
4852109.871731235
2264471.5144905616
1156887.4427233292
3037524.643875799
3424278.1963390494
1072073.715360202
4347487.872285463
2204881.1142530804
4245894.538874311
4582534.541550908
3006757.4232607572
1414864.534058462
482441.6361390088
3405497.5717679365
4807474.5214337325
1601572.5517204716
1823399.7524346667
4028806.0445246394
600888.3346122531
2253060.004542532
4018504.518234685
1764182.080806971
3832026.240052216
4963743.966970149
4567530.503038122
4486360.936524458
3660116.2590428353
922217.5493003676
3722738.520660623
1454057.2202317521
3999932.5813728557
885760.1980531953
692089.246336619
4676471.978233745
3688698.659508164
243023.0935032414
4600555.260362465
2702348.1898655877
451486.5957772961
762523.9281456738
1003545.5592815175
3329358.390863573
3923321.243423487
901511.7070349706
4885196.161905663
3008637.2280210895
3755761.346760719
902688.7633223361
4529271.812892479
1760071.4498529767
1662095.4054051486
278692.7470472274
3881789.342326837
3228441.533520382
4498039.151268081
4695168.233933214
3544192.4066544417
3404538.886854945
1681868.0724385423
1005523.8728843407
3332505.1619974948
378232.574458741
1412124.5033494092
4413158.662443651
2477741.455811726
135968.98445928766
1722003.462131965
235060.29011097195
4144478.935998364
689964.726122966
4353917.308697703
4253321.749085044
755210.5184421516
989359.9011000028
3406824.66914817
1819621.4653809175
1489927.1350131065
3550929.817604972
2778227.0528625585
120917.70153140818
864661.4482040688
726309.0305450899
362373.82054448937
526451.3661708152
146418.93853082292
224789.95679100085
4353395.488376721
456342.39003091713
2487156.100574215
1146642.9717809125
3522888.9122384987
3547380.6136771077
2004347.3728504237
4941714.08359877
189335.395037385
765219.9478813398
1836170.1286400703
2409563.8026102674
2611269.851643462
4798997.853437115
3168944.231027722
2602361.403990096
1668816.4086735288
1567634.4833123726
199681.69075643117
1272609.514749123
3058119.076047967
3379763.609549252
2970337.321245178
4006192.0733841886
4738269.52287557
4680319.081942064
264483.3475924771
2494996.5241720276
3056998.8922856385
2790981.9747778256
2964406.9038626794
4848231.445999493
3477735.7276777695
1636338.9147357356
4095993.4005933064
3069164.421276532
1266809.1780321407
894784.9499703819
1601517.7496095179
1093060.1157710222
322066.5084019326
